2,0.27075
0.93144,0.93228,0.97317,1.02021
0.74478,0.4777,0.58436,1.00128
0.34251,0.33251,0.96979,0.74338
-0.02,0.20189,0.47102,0.97086
0,0.6792,0.2,0.18783
0,0.48864,0.20081,0
0.2,0,0.2,0.20195
0,0.2008,0,0
0,0,0,0
0,0,0,0
0,0,0,0
0,0,0,0
0,0,0,0
0,0,0,0
0,0,0,0
0,0,0,0
0,0,0,0
0,0,0,0
0,0,0,0
0,0,0,0
0,0,0,0
0,0,0,0
0,0,0,0
0,0,0,0
0,0,0,0
0,0,0,0
0,0,0,0
0,0,0,0
0,0,0,0
0,0,0,0
0,0,0,0
0,0,0,0
0,0,0,0
0,0,0,0
0,0,0,0
0,0,0,0
0,0,0,0
0,0,0,0
0,0,0,0
0,0,0,0
0.48661,1.00818,0.34971,0.68432
0.47894,0.67284,0.94178,0.59746
0.47479,0.84009,0.35062,0.67698
0.18593,0.47599,0.20081,0.36419
0,0,0,0.20069
0,0,0,0.2
0,0,0,0.2
0,0,0,0
0,0,0,0
0,0,0,0
0,0,0,0
0,0,0,0
0,0,0,0
0,0,0,0
0,0,0,0
0,0,0,0
0,0,0,0
0,0,0,0
0,0,0,0
0,0,0,0
0,0,0,0
0,0,0,0
0,0,0,0
0,0,0,0
0,0,0,0
0,0,0,0
0,0,0,0
0,0,0,0
0,0,0,0
0,0,0,0
0,0,0,0
0,0,0,0
0,0,0,0
0,0,0,0
0,0,0,0
0,0,0,0
0,0,0,0
0,0,0,0
0,0,0,0
0,0,0,0
0.58428,0.34363,0.47605,1.00519
0.67164,0.18777,0.48488,0.84235
0.8377,0.17353,0.2,0.35254
0.67343,0.35019,0.74458,0
0,0,0,0.67998
0,0,0,0
0,0,0,0
0,0,0,0
0,0,0,0
0,0,0,0
0,0,0,0
0,0,0,0
0,0,0,0
0,0,0,0
0,0,0,0
0,0,0,0
0,0,0,0
0,0,0,0
0,0,0,0
0,0,0,0
0,0,0,0
0,0,0,0
0,0,0,0
0,0,0,0
0,0,0,0
0,0,0,0
0,0,0,0
0,0,0,0
0,0,0,0
0,0,0,0
0,0,0,0
0,0,0,0
0,0,0,0
0,0,0,0
0,0,0,0
0,0,0,0
0,0,0,0
0,0,0,0
0,0,0,0
0,0,0,0
0.96206,0.34285,0.36485,0.18756
0.36196,0.79713,0.36525,0.48468
0.34784,0.79508,0.20298,0
0.35054,0.74402,0,0.18593
0,0.2008,0.2,0.20145
0,0,0,0
0,0,0,0
0,0,0,0
0,0,0,0
0,0,0,0
0,0,0,0
0,0,0,0
0,0,0,0
0,0,0,0
0,0,0,0
0,0,0,0
0,0,0,0
0,0,0,0
0,0,0,0
0,0,0,0
0,0,0,0
0,0,0,0
0,0,0,0
0,0,0,0
0,0,0,0
0,0,0,0
0,0,0,0
0,0,0,0
0,0,0,0
0,0,0,0
0,0,0,0
0,0,0,0
0,0,0,0
0,0,0,0
0,0,0,0
0,0,0,0
0,0,0,0
0,0,0,0
0,0,0,0
0,0,0,0
0.6745,0.79917,0.48228,1.01219
0.35247,0.842,0.20319,0.48638
0.36064,0,0,0
0.184,0,0,0
0,0.2008,0,0
0,0,0,0
0,0,0,0
0,0,0,0
0,0,0,0
0,0,0,0
0,0,0,0
0,0,0,0
0,0,0,0
0,0,0,0
0,0,0,0
0,0,0,0
0,0,0,0
0,0,0,0
0,0,0,0
0,0,0,0
0,0,0,0
0,0,0,0
0,0,0,0
0,0,0,0
0,0,0,0
0,0,0,0
0,0,0,0
0,0,0,0
0,0,0,0
0,0,0,0
0,0,0,0
0,0,0,0
0,0,0,0
0,0,0,0
0,0,0,0
0,0,0,0
0,0,0,0
0,0,0,0
0,0,0,0
0,0,0,0
0.36144,0.2008,0.80103,0.2008
0.20081,0.90394,0.36197,0.18596
-0.02,0,-0.02,0.59532
-0.02,0,0,0.184
0,0,0,0
0,0,0,0
0,0,0,0
0,0,0,0
0,0,0,0
0,0,0,0
0,0,0,0
-0.02,0,0,0
-0.02,0,0,-0.02
0,0,0,0
0,0,0,0
0,0,0,0
0,0,0,0
0,0,0,0
0,0,0,0
0,0,0,0
0,0,0,0
0,0,0,0
0,0,0,0
0,0,0,0
0,0,0,0
0,0,0,0
0,0,0,0
0,0,0,0
0,0,0,0
0,0,0,0
0,0,0,0
0,0,0,0
0,0,0,0
0,0,0,0
0,0,0,0
0,0,0,0
0,0,0,0
0,0,0,0
0,0,0,0
0,0,0,0
0,0.20272,0.3608,0
0.20081,0.49247,0,0.2008
0.1712,-0.02,0,0
0.3621,0.2,0,-0.02
0.20192,0,0,0
0,0,0,0
0,0,0,0
0,0,0,0
0,0,0,0
0,0,0,0
0,0,0,0
0,0,-0.02,0
-0.02,-0.02,-0.036,0
0,0,0,-0.02
0,0,0,0
0,0,0,0
0,0,0,0
0,0,0,0
0,0,0,0
0,0,0,0
0,0,0,0
0,0,0,0
0,0,0,0
0,0,0,0
0,0,0,0
0,0,0,0
0,0,0,0
0,0,0,0
0,0,0,0
0,0,0,0
0,0,0,0
0,0,0,0
0,0,0,0
0,0,0,0
0,0,0,0
0,0,0,0
0,0,0,0
0,0,0,0
0,0,0,0
0,0,0,0
0,0,0,0
0.18596,0.36261,0,0
0.47857,-0.02,0.67721,0
0.20144,0.36209,0.2,0.67668
0.66854,0,0,0.2008
0.19992,0,0,0
0,0,0,0
0,0,0,0
0,0,0,0
-0.02,0,0,0
-0.02,0,-0.02,-0.02
0,0,0,-0.036
-0.02,0,-0.02,0
0,0,0,-0.02
0,-0.02,0,-0.02
0,-0.02,0,0
0,0,0,0
0,0,0,0
0,0,0,0
0,0,0,0
0,0,0,0
0,0,0,0
0,0,0,0
0,0,0,0
0,0,0,0
0,0,0,0
0,0,0,0
0,0,0,0
0,0,0,0
0,0,0,0
0,0,0,0
0,0,0,0
0,0,0,0
0,0,0,0
0,0,0,0
0,0,0,0
0,0,0,0
0,0,0,0
0,0,0,0
0,0,0,0
0,0,0,0
0,0,-0.02,0
-0.036,0,0,0.20196
-0.02,0.20271,-0.02,0
-0.036,0.58735,-0.036,-0.02
-0.02,-0.02008,0.184,-0.02
0,0,0.59207,0.18481
0.2,0,0,0.49162
0,0,0,0
0,0,0,0
0,-0.02,0,0
0,-0.02,-0.02,0
0,0,-0.02,-0.02
-0.02,-0.02,0,0
-0.02,-0.02,0,0
0,0,0,0
0,0,0,0
0,0,0,0
0,0,0,0
0,0,0,0
0,0,0,0
0,0,0,0
0,0,0,0
0,0,0,0
0,0,0,0
0,0,0,0
0,0,0,0
0,0,0,0
0,0,0,0
0,0,0,0
0,0,0,0
0,0,0,0
0,0,0,0
0,0,0,0
0,0,0,0
0,0,0,0
0,0,0,0
0,0,0,0
0,0,0,0
0,0,0,0
0,0,0,0
0,-0.02,0,0
-0.036,-0.02,0,-0.02
-0.02,-0.02,-0.02,-0.02
-0.02,-0.03606,0,-0.02
-0.036,-0.02,0,0
0,0.20237,0.20081,0
0.2,0.20145,0,0
0,0,-0.02,0
0,-0.02,0,0
-0.02,0,0,0
0,0,0,0
0,0,0,0
-0.02,-0.02,0,0
-0.02,0,0,-0.02
0,0,0,0
0,0,0,0
0,0,0,0
0,0,0,0
0,0,0,0
0,0,0,0
0,0,0,0
0,0,0,0
0,0,0,0
0,0,0,0
0,0,0,0
0,0,0,0
0,0,0,0
0,0,0,0
0,0,0,0
0,0,0,0
0,0,0,0
0,0,0,0
0,0,0,0
0,0,0,0
0,0,0,0
0,0,0,0
0,0,0,0
0,0,0,0
0,0,0,0
0,0,0,0
0,0,0,0
-0.036,-0.02,0,0
-0.0488,-0.02,-0.036,0
-0.02,-0.02,-0.02,0
-0.036,-0.036,0,0
0.2,0,0,-0.02
0,0,0.2,0.2
0.2,-0.02,0,0
0,0,0,0
0,0,-0.02,0
-0.02,0,0,0
0,0,0.184,0
-0.02,-0.02,0.36192,0
0.58336,0,0.20145,-0.02
0,0,0.20081,0
0,0,0,0
0,0,0,0
0,0,0,0
0,0,0,0
0,0,0,0
0,0,0,0
0,0,0,0
0,0,0,0
0,0,0,0
0,0,0,0
0,0,0,0
0,0,0,0
0,0,0,0
0,0,0,0
0,0,0,0
0,0,0,0
0,0,0,0
0,0,0,0
0,0,0,0
0,0,0,0
0,0,0,0
0,0,0,0
0,0,0,0
0,0,0,0
0,0,0,0
0,0,0,0
-0.02,0,-0.02,0
-0.02,-0.02,-0.05904,0
-0.02,-0.02,-0.0488,0
-0.036,-0.02,-0.02,0
-0.02,0,0.2,0
0,0.2008,0.184,0
0.2,-0.02,0,0
0,0,0,0
0,0,0,0
-0.02,0,0,-0.02
-0.02,0.184,-0.02,0
0,-0.02,0,0
-0.02,0.4915,0.2,0
0,0.2,0,0.20145
0,0,0.2,0
0,0,0,1000.0
0,0,0,0
0,0,0,0
0,0,0,0
0,0,0,0
0,0,0,0
0,0,0,0
0,0,0,0
0,0,0,0
0,0,0,0
0,0,0,0
0,0,0,0
0,0,0,0
0,0,0,0
0,0,0,0
0,0,0,0
0,0,0,0
0,0,0,0
0,0,0,0
0,0,0,0
0,0,0,0
0,0,0,0
0,0,0,0
0,0,0,0
0,0,0,0
0,0,-0.02,0
-0.02,-0.036,-0.02,0
-0.02,-0.02,-0.02,-0.036
-0.02,-0.036,0,-0.02
0.2,0,-0.02,0
-0.02,0.18474,-0.02,0.2
0,0,0.2,-0.02
0.3608,0,0,0
0,0,0,0
0,-0.02,0,0
0,0.2,0,-0.02
0,0,0,0
-0.036,0,0,0
0,0,0,0
0,0,0,0
0,0,0,0
0,0,0,0
0,0,0,0
0,0,0,0
0,0,0,0
0,0,0,0
0,0,0,0
0,0,0,0
0,0,0,0
0,0,0,0
0,0,0,0
0,0,0,0
0,0,0,0
0,0,0,0
0,0,0,0
0,0,0,0
0,0,0,0
0,0,0,0
0,0,0,0
0,0,0,0
0,0,0,0
0,0,0,0
0,0,0,0
0,0,0,0
0,0,0,0
0,0,0,0
-0.02,-0.02,0,0
0,-0.02,0,0
0,-0.02,0,0
0.2,0,0,0
0,0,0.1848,0
0,0,0,0.2
0.2,0.36144,0,0
0,0,0.2,0.2008
0,0,0.2,0
0,0,0.2,0
0,0,0,0
-0.02,0,-0.036,0
0,0,0,-0.02
-0.02,0,0,0
0,0,0,0
0,0,0,0
0,0,-0.02,0
-0.02,0,-0.02,0
0,0,0,-0.02
0,0,0,0
0,0,0,0
0,0,0,0
0,0,0,0
-0.02,0,0,0
0,0,0,0
0,0,0,0
0,0,0,0
0,0,0,0
0,0,0,0
0,0,0,0
0,0,0,0
0,0,0,0
0,0,0,0
0,0,0,0
0,0,0,0
0,0,0,0
0,0,0,0
0,0,0,0
0,0,0,0
0,0,-0.02,0
0,-0.02,0,-0.02
0,0,0,0
0,0,0,0
0.2,0,0.2,0
0,0,0.2,0
0,0.2,0,0
0,0,0,0
0,0,0,0
0,0,0,0
0,0,0,0
0,0,0,0
-0.02,-0.02,0,0
0,0,-0.036,0
-0.036,-0.02,0,0
0,0,-0.02,0
0,0,-0.02,0
-0.02,-0.02,0,-0.02
0,0,-0.02,-0.02
0,0,0,0
0,0,0,0
0,0,0,0
-0.02,0,0,0
0,0,0,-0.02
-0.02,-0.02,0,0
0,0,0,0
0,0,0,0
0,0,0,0
0,0,0,0
0,0,0,0
0,0,0,0
0,0,0,0
0,0,0,0
0,0,0,0
0,0,0,0
0,0,0,0
0,0,0,0
0,0,0,0
0,0,0,0
0,0,0,0
0,0,-0.02,0
-0.02,-0.02,-0.02,0
0,0,0,0
0,0,0,0
0,0.2008,0.2,0
0,0,0,0
0,0,0,0
0,0,0,0
0,0,0,0
0,0,0,0
0,0,0,0
0,0,0,0
-0.0488,-0.02,0,0
0,-0.02,0,0
-0.02,0,0,0
0,0,0,0
0,0,0,0
-0.02,-0.02,-0.02,0
-0.02,-0.02,0,0
0,0,0,0
0,0,0,0
0,0,0,0
-0.02,0,-0.02,0
-0.02,0,-0.02,0
-0.02,0,0,-0.02
0,0,0,0
0,0,0,0
0,0,0,0
0,0,0,0
0,0,0,0
0,0,0,0
0,0,0,0
0,0,0,0
0,0,0,0
0,0,0,0
0,0,0,0
0,0,0,0
0,0,0,0
0,0,0,0
0,0,0,0
0,0,-0.036,0
-0.02,-0.036,0,-0.02
0,0,0,0
0,0,0,0
0,0.2008,0,0
0,0,0,0
0,0,0,0
0,0,0,0
0,0,0,0
0,0,0,0
0,0,0,0
0,0,0,0
-0.02,-0.0488,-0.02,0
-0.02,-0.02,0,-0.02
0,0,0,-0.02
0,0,0,0
0,0,-0.02,0
-0.02,-0.02,-0.02,-0.02
-0.036,-0.02,0,0
-0.02,0,0,-0.02
-0.02,0,0,0
0,0,-0.02008,0
-0.036,-0.02,-0.02,-0.02
0,0,-0.02,-0.02
-0.02,0,0,0
0,0,0,0
0,0,0,0
0,0,0,0
0,0,0,0
0,0,0,0
0,0,0,0
-0.02,0,0,0
0,0,0,0
0,0,0,0
0,0,0,0
0,0,0,0
0,0,0,0
0,0,0,0
0,0,0,0
0,0,0,0
0,-0.02,0,0
0,0,0,-0.02
0,0,0,0
0,0,0,0
0,0,0,0
0,0,0,0
0,0,0,0
0,0,0,0
0,0,0,0
0,0,0,0
0,0,0,0
0,0,-0.02,0
0,-0.02,0,-0.02
0,-0.036,0,0
0,0,0,-0.02
0,0,0,0
0,0,0,0
0,-0.02,0,0
0,-0.02,0,0
0,-0.02,0,0
0,0,-0.02,0
0,0,-0.02,0
-0.02,-0.02,-0.036,0
0,-0.02,0,-0.02
-0.02,0,0,0
0,0,-0.02,0
-0.02,-0.02,-0.02,0
-0.036,0,0,-0.02
-0.02,0,-0.02008,0
-0.036,-0.02,-0.02,-0.02
-0.036,-0.02,-0.02,0
-0.02,-0.02,-0.02,-0.036
0,0,0,-0.02
0,0,0,0
0,0,0,0
0,0,0,0
0,0,0,0
0,0,0,0
0,0,0,0
0,0,0,0
0,0,0,0
0,0,0,0
0,0,0,0
0,0,0,0
0,0,0,0
0,0,0,0
0,0,0,0
0,0,0,0
0,0,0,0
0,0,0,0
0,0,0,0
0,0,0,0
0,0,0,0
0,0,0,0
0,0,0,0
0,0,0,0
0,0,0,0
0,0,0,0
0,0,0,0
0,0,0,0
0,0,0,0
0,0,0,0
0,0,0,0
0,0,0,0
0,0,0,0
0,0,0,0
0,0,0,-0.02
0,-0.02,-0.02,0
-0.02,-0.02,-0.02,0
-0.02,-0.036,-0.02,0
-0.02,0,0,0
-0.02,-0.02,0,0
0,0,0,-0.02
0,0,0,0
-0.02,0,-0.02,0
-0.02,0,0,0
0,0,0,0
0,0,0,0
0,0,0,0
0,0,0,0
0,0,0,0
0,0,0,0
0,0,0,0
0,0,0,0
0,0,0,0
0,0,0,0
0,0,0,0
0,0,0,0
0,0,0,0
0,0,0,0
0,0,0,0
0,0,0,0
0,0,0,0
0,0,0,0
0,0,0,0
0,0,0,0
0,0,0,0
0,0,0,0
0,0,0,0
0,0,0,0
0,0,0,0
0,0,0,0
0,0,0,0
0,0,0,0
0,0,0,0
0,0,0,0
0,0,0,0
0,0,0,0
0,-0.02,0,0
0,-0.02,0,0
-0.02,0,-0.02,0
-0.02,0,-0.02,-0.02
0,-0.02,-0.036,0
-0.02,0,0,-0.02
0,-0.02,-0.02,0
-0.02,0,0,0
0,0,0,0
0,0,0,0
0,0,0,0
0,0,0,0
0,0,0,0
0,0,0,0
0,0,0,0
0,0,0,0
0,0,0,0
0,0,0,0
0,0,0,0
0,0,0,0
0,0,0,0
0,0,0,0
0,0,0,0
0,0,0,0
0,0,0,0
0,0,0,0
0,0,0,0
0,0,0,0
0,0,0,0
0,0,0,0
0,0,0,0
0,0,0,0
0,0,0,0
0,0,0,0
0,0,0,0
0,0,0,0
0,0,0,0
0,0,0,0
0,0,0,0
0,0,0,0
0,0,0,0
0,0,0,0
-0.02,0,0,0
-0.036,0,0,0
0,-0.02,-0.02,0
-0.02,0,-0.02,0
-0.02,-0.02,-0.02,0
-0.02,0,-0.036,-0.02
-0.036,-0.02,0,-0.02
-0.02,0,-0.02,0
0,0,0,0
0,0,0,0
0,0,0,0
0,0,0,0
0,0,0,0
0,0,0,0
0,0,0,0
0,0,0,0
0,0,0,0
0,0,0,0
0,0,0,0
0,0,0,0
0,0,0,0
0,0,0,0
0,0,0,0
0,0,0,0
0,0,0,0
0,0,0,0
0,0,0,0
0,0,0,0
0,0,0,0
0,0,0,0
0,0,0,0
0,0,0,0
0,0,0,0
0,0,0,0
0,0,0,0
0,0,0,0
0,0,0,0
0,0,0,0
0,0,0,0
0,0,0,0
-0.02,0,0,0
-0.02008,-0.02,-0.02,0
-0.02,-0.02,0,0
0,0,0,0
-0.036,-0.02,-0.036,0
-0.0488,0,0,-0.036
-0.02,-0.036,-0.02,-0.02
-0.036,-0.036,0,-0.02
0,0,0,0
0,0,0,0
0,0,0,0
0,0,0,0
0,0,0,0
0,0,0,0
0,0,0,0
0,0,0,0
0,0,0,0
0,0,0,0
0,0,0,0
0,0,0,0
0,0,0,0
0,0,0,0
0,0,0,0
0,0,0,0
0,0,0,0
0,0,0,0
0,0,0,0
0,0,0,0
0,0,0,0
0,0,0,0
0,0,0,0
0,0,0,0
0,0,0,0
0,0,0,0
0,0,0,0
0,0,0,0
0,0,0,0
-0.02,0,-0.02,0
-0.02,0,-0.02,-0.02
0,0,-0.02,-0.036
-0.036,-0.02,-0.02,0
-0.02,-0.036,-0.02,-0.02
-0.05912,-0.02,0,-0.02
0,0,0,-0.02
-0.02,-0.036,-0.02,-0.02
-0.02,-0.036,-0.02,-0.02
-0.02,-0.02,-0.04888,0
-0.0488,-0.02,-0.02,-0.02
0,0,0,0
0,0,0,0
0,0,0,0
0,0,0,0
0,0,0,0
0,0,0,0
0,0,0,0
0,0,0,0
0,0,0,0
0,0,0,0
0,0,0,0
0,0,0,0
0,0,0,0
0,0,0,0
0,0,0,0
0,0,0,0
0,0,0,0
0,0,0,0
0,0,0,0
0,0,0,0
0,0,0,0
0,0,0,0
0,0,0,0
0,0,0,0
0,0,0,0
0,0,0,0
0,0,0,0
-0.02,0,0,0
-0.036,0,0,0
-0.02,0,-0.02,-0.02
-0.02,0,0,-0.02
-0.02,-0.02,0,0
-0.02,-0.02,-0.036,-0.02
-0.02,-0.0488,0,0
-0.02,-0.0488,-0.03608,-0.036
-0.02,0,-0.02,0
-0.02,-0.02,-0.02,0
-0.036,-0.02,-0.02,-0.02
-0.02,-0.02,-0.036,-0.02
-0.036,-0.02008,0,-0.036
0,0,0,0
0,0,0,0
0,0,0,0
0,0,0,0
0,0,0,0
0,0,0,0
0,0,0,0
0,0,0,0
0,0,0,0
0,0,0,0
0,0,0,0
0,0,0,0
0,0,0,0
0,0,0,0
0,0,0,0
0,0,0,0
0,0,0,0
0,0,0,0
0,0,0,0
0,0,0,0
0,0,0,0
0,0,0,0
0,0,0,0
0,0,0,0
0,0,0,0
0,0,0,0
0,0,0,0
-0.02,-0.02,0,0
-0.036,-0.02,-0.02,-0.02
-0.03608,-0.02,-0.02,0
-0.036,-0.02,-0.02,-0.036
-0.02,-0.02,0,-0.02008
-0.036,-0.036,-0.02,-0.02
-0.04886,-0.02,-0.02,-0.02
-0.02,-0.03608,-0.036,-0.04888
0,-0.02008,0,-0.036
-0.02,0,-0.02,0
-0.02,-0.036,-0.02,0
-0.03608,-0.036,0,0
-0.03608,-0.02,-0.02,-0.02008
0,0,0,0
0,0,0,0
0,0,0,0
0,0,0,0
0,0,0,0
0,0,0,0
0,0,0,0
0,0,0,0
0,0,0,0
0,0,0,0
0,0,0,0
0,0,0,0
0,0,0,0
0,0,0,0
0,0,0,0
0,0,0,0
0,0,0,0
0,0,0,0
0,0,0,0
0,0,0,0
0,0,0,0
0,0,0,0
0,0,0,0
0,0,0,0
0,0,0,0
0,0,0,0
0,0,0,0
-0.02,0,0,0
-0.02,-0.02,0,0
0,0,0,-0.02
-0.02,-0.04888,-0.02,0
0,-0.02,-0.03608,0
-0.036,-0.03608,-0.036,-0.02
-0.02,-0.036,-0.036,-0.02
-0.02,-0.02008,-0.02008,0
0,-0.02,0,0
-0.02,-0.02,-0.02008,-0.02
-0.036,-0.036,-0.03608,-0.02
-0.02,-0.02,-0.0488,-0.05912
-0.0488,-0.03608,-0.04894,-0.04888
0,0,0,0
0,0,0,0
0,0,0,0
0,0,0,0
0,0,0,0
0,0,0,0
0,0,0,0
0,0,0,0
0,0,0,0
0,0,0,0
0,0,0,0
0,0,0,0
0,0,0,0
0,0,0,0
0,0,0,0
0,0,0,0
0,0,0,0
0,0,0,0
0,0,0,0
0,0,0,0
0,0,0,0
0,0,0,0
0,0,0,0
0,0,0,0
0,0,-0.02,0
-0.02,0,0,-0.02
-0.02,0,0,0
0,0,0,-0.036
0,0,0,0
0,0,0,0
0,-0.02,0,0
0,0,0,0
-0.02,-0.02008,-0.02,0
0,-0.02,0,0
0,0,0,0
-0.02,0,-0.02,0
-0.02,-0.02,-0.02,-0.02
-0.02,-0.03608,-0.03608,-0.02
-0.036,-0.02,-0.036,-0.03608
-0.0488,-0.03626,0,-0.03608
0,0,0,0
0,0,0,0
0,0,0,0
0,0,0,0
0,0,0,0
0,0,0,0
0,0,0,0
0,0,0,0
0,0,0,0
0,0,0,0
0,0,0,0
0,0,0,0
0,0,0,0
0,0,0,0
0,0,0,0
0,0,0,0
0,0,0,0
0,0,0,0
0,0,0,0
0,0,0,0
0,0,0,0
0,0,0,0
0,0,0,0
0,0,0,0
0,0,0,-0.02
-0.036,-0.02,-0.02,-0.02
0,0,0,-0.036
0,-0.02,0,0
0,0,0,0
0,0,0,0
-0.036,0,0,0
0,0,0,0
0,-0.036,0,0
-0.02,-0.02,-0.02,0
0,0,-0.02,0
-0.02,-0.02,-0.02008,-0.02
-0.036,-0.02,-0.02,-0.02
-0.036,-0.02,0,-0.036
0,-0.02008,-0.05904,-0.02
-0.036,0,-0.02,-0.05904
0,0,0,0
0,0,0,0
0,0,0,0
0,0,0,0
0,0,0,0
0,0,0,0
0,0,0,0
0,0,0,0
0,0,0,0
0,0,0,0
0,0,0,0
0,0,0,0
0,0,0,0
0,0,0,0
0,0,0,0
0,0,0,0
0,0,0,0
0,0,0,0
0,0,0,0
0,0,0,0
0,0,0,0
0,0,0,0
0,0,0,0
0,0,0,0
-0.02,0,0,0
-0.02,-0.036,0,0
-0.02,0,0,0
0,0,0,0
-0.02,0,-0.02,0
0,0,-0.02,-0.02
-0.02,-0.02,0,-0.036
-0.02,0,0,0
-0.02,0,-0.02,0
0,-0.036,0,0
0,0,0,0
-0.02,0,-0.02,0
-0.02,-0.02,-0.02,-0.02
-0.02,-0.036,-0.02,-0.02
-0.02008,-0.02,0,-0.02
-0.02,-0.02,-0.02,0
0,0,0,0
0,0,0,0
0,0,0,0
0,0,0,0
0,0,0,0
0,0,0,0
0,0,0,0
0,0,0,0
0,0,0,0
0,0,0,0
0,0,0,0
0,0,0,0
0,0,0,0
0,0,0,0
0,0,0,0
0,0,0,0
0,0,0,0
0,0,0,0
0,0,0,0
0,0,0,0
0,0,0,0
0,0,0,0
0,0,0,0
0,0,0,0
0,-0.02,-0.02,0
-0.02,0,0,-0.02
0,0,0,0
0,0,0,0
-0.02,0,-0.02,0
0,-0.02,0,0
-0.02,-0.02,-0.02008,0
-0.0488,-0.02,-0.02,-0.02
-0.02,-0.02,-0.02,-0.02
-0.02,0,0,0
0,0,0,-0.02
0,0,-0.02,0
-0.02,-0.02,0,0
0,0,-0.0488,0
-0.02,-0.02,-0.02,-0.036
0,0,0,-0.02
0,0,0,0
0,0,0,0
0,0,0,0
0,0,0,0
0,0,0,0
0,0,0,0
0,0,0,0
0,0,0,0
0,0,0,0
0,0,0,0
0,0,0,0
0,0,0,0
0,0,0,0
0,0,0,0
0,0,0,0
0,0,0,0
0,0,0,0
0,0,0,0
0,0,0,0
0,0,0,0
0,0,0,0
0,0,0,0
0,0,0,0
0,0,0,0
0,0,0,0
0,0,-0.02,0
0,0,0,-0.02
0,0,0,0
0,-0.02,0,0
0,-0.02,-0.02,0
-0.036,-0.02,0,0
-0.036,-0.04888,-0.02,0
0,-0.036,0,-0.02
-0.036,0,0,0
-0.02,-0.02,0,0
-0.02,0,0,0
-0.02,0,0,0
0,0,0,0
0,-0.02,0,0
0,0,0,0
0,0,0,0
0,0,0,0
0,0,0,0
0,0,0,0
0,0,0,0
0,0,0,0
0,0,0,0
0,0,0,0
0,0,0,0
0,0,0,0
0,0,0,0
0,0,0,0
0,0,0,0
0,0,0,0
0,0,0,0
0,0,0,0
0,0,0,0
0,0,0,0
0,0,0,0
0,0,0,0
0,0,0,0
0,0,0,0
0,0,0,0
0,0,0,0
0,0,0,0
-0.02,0,0,0
0,0,-0.02,0
0,0,0,0
0,0,0,0
0,0,-0.02,0
-0.02,-0.02,-0.02,-0.02
-0.036,-0.036,-0.04888,-0.02
-0.036,-0.036,-0.036,-0.02
-0.03608,-0.02,-0.02,-0.05904
-0.02,-0.02,-0.036,-0.02008
-0.02,0,0,-0.02
0,0,0,0
0,0,0,0
0,0,0,0
0,0,0,0
0,0,0,0
0,0,0,0
0,0,0,0
0,0,0,0
0,0,0,0
0,0,0,0
0,0,0,0
0,0,0,0
0,0,0,0
0,0,0,0
0,0,0,0
0,0,0,0
0,0,0,0
0,0,0,0
0,0,0,0
0,0,0,0
0,0,0,0
0,0,0,0
0,0,0,0
0,0,0,0
0,0,0,0
0,0,0,0
0,0,0,0
0,0,0,0
0,0,0,0
-0.02,-0.02,0,0
0,0,0,-0.02
0,0,-0.02,0
0,0,-0.02,-0.02
0,0,-0.02,-0.02
-0.02,-0.02,-0.036,0
-0.02,-0.03608,-0.02,0
-0.02,-0.02008,0,0
-0.036,-0.036,-0.02,-0.02
-0.02,-0.02,-0.02,-0.036
0,0,0,-0.02008
0,0,0,0
0,0,0,0
0,0,0,0
0,0,0,0
0,0,0,0
0,0,0,0
0,0,0,0
0,0,0,0
0,0,0,0
0,0,0,0
0,0,0,0
0,0,0,0
0,0,0,0
0,0,0,0
0,0,0,0
0,0,0,0
0,0,0,0
0,0,0,0
0,0,0,0
0,0,0,0
0,0,0,0
0,0,0,0
0,0,0,0
0,0,0,0
0,0,0,0
0,0,0,0
0,0,0,0
0,0,0,0
0,0,0,0
-0.02,0,0,0
0,0,0,0
0,0,0,0
0,0,0,-0.02
0,0,0,0
0,0,-0.02,0
-0.02,-0.02,0,0
0,0,0,-0.02
-0.02,-0.036,0,0
-0.036,-0.02,0,0
0,0,0,0
0,0,0,0
0,0,0,0
0,0,0,0
0,0,0,0
0,0,0,0
0,0,0,0
0,0,0,0
0,0,0,0
0,0,0,0
0,0,0,0
0,0,0,0
0,0,0,0
0,0,0,0
0,0,0,0
0,0,0,0
0,0,0,0
0,0,0,0
0,0,0,0
0,0,0,0
0,0,0,0
0,0,0,0
0,0,0,0
0,0,0,0
0,0,0,0
0,0,0,0
0,0,0,0
0,0,0,0
0,0,0,0
-0.02,0,0,0
-0.02,-0.02,0,0
0,0,0,0
0,0,-0.02,0
0,-0.02,0,0
0,0,0,0
0,0,0,0
-0.02,0,-0.02,0
0,0,-0.02,-0.02
-0.036,-0.0488,-0.02,0
-0.02,-0.02,0,-0.036
0,0,0,0
0,0,0,0
0,0,0,0
0,0,0,0
0,0,0,0
0,0,0,0
0,0,0,0
0,0,0,0
0,0,0,0
0,0,0,0
0,0,0,0
0,0,0,0
0,0,0,0
0,0,0,0
0,0,0,0
0,0,0,0
0,0,0,0
0,0,0,0
0,0,0,0
0,0,0,0
0,0,0,0
0,0,0,0
0,0,0,0
0,0,0,0
0,0,0,0
0,0,0,0
0,0,0,0
0,0,0,0
0,0,0,0
0,0,-0.02,0
0,-0.02,-0.02,0
-0.02,-0.02,0,0
-0.02,-0.02,0,0
0,0,0,0
0,0,0,0
0,0,0,0
-0.036,0,0,0
-0.02,0,-0.02,0
-0.036,-0.036,-0.02,0
-0.02,-0.02,-0.02,-0.02
-0.02,-0.02,-0.02,0
0,0,0,-0.02
0,0,0,0
0,0,0,0
0,0,0,0
0,0,0,0
0,0,0,0
0,0,0,0
0,0,0,0
0,0,0,0
0,0,0,0
0,0,0,0
0,0,0,0
0,0,0,0
0,0,0,0
0,0,0,0
0,0,0,0
0,0,0,0
0,0,0,0
0,0,0,0
0,0,0,0
0,0,0,0
0,0,0,0
0,0,0,0
0,0,0,0
0,0,0,0
0,0,0,0
0,0,0,0
0,0,0,0
0,0,0,0
0,0,0,0
0,-0.02,0,0
0,-0.02,0,0
0,0,0,0
0,0,0,0
0,0,-0.02,0
-0.02,-0.02,-0.02,-0.02
-0.036,-0.02,0,0
-0.02,-0.02,-0.02,0
0,0,-0.036,0
0,-0.02,-0.02,0
0,0,-0.02,0
0,0,0,-0.02
0,0,0,0
0,0,0,0
0,0,0,0
0,0,0,0
0,0,0,0
0,0,0,0
0,0,0,0
0,0,0,0
0,0,0,0
0,0,0,0
0,0,0,0
0,0,0,0
0,0,0,0
0,0,0,0
0,0,0,0
0,0,0,0
0,0,0,0
0,0,0,0
0,0,0,0
0,0,0,0
0,0,0,0
0,0,0,0
0,0,0,0
0,0,0,0
0,0,0,0
0,0,0,0
0,0,0,0
0,0,0,0
0,0,0,0
0,0,0,0
0,0,0,0
0,0,0,0
0,0,0,0
0,-0.02,0,-0.02
-0.02,-0.02,0,-0.02
0,0,0,-0.02
0,0,0,0
0,0,0,0
0,0,0,0
-0.02,0,0,0
0,0,-0.02,0
-0.02,0,-0.036,-0.02
0,0,0,0
0,0,0,0
0,0,0,0
0,0,0,0
0,0,0,0
0,0,0,0
0,0,0,0
0,0,0,0
0,0,0,0
0,0,0,0
0,0,0,0
0,0,0,0
0,0,0,0
0,0,0,0
0,0,0,0
0,0,0,0
0,0,0,0
0,0,0,0
0,0,0,0
0,0,0,0
0,0,0,0
0,0,0,0
0,0,0,0
0,0,0,0
0,0,0,0
0,0,0,0
0,0,0,0
0,0,0,0
0,0,0,0
0,0,0,0
0,0,0,0
0,0,0,0
0,0,0,-0.02
0,0,0,0
0,0,0,0
0,0,0,0
0,0,0,0
-0.02,0,0,0
0,-0.02,-0.02,0
-0.02,-0.0488,0,-0.02
0,0,0,0
0,0,0,0
0,0,0,0
0,0,0,0
0,0,0,0
0,0,0,0
0,0,0,0
0,0,0,0
0,0,0,0
0,0,0,0
0,0,0,0
0,0,0,0
0,0,0,0
0,0,0,0
0,0,0,0
0,0,0,0
0,0,0,0
0,0,0,0
0,0,0,0
0,0,0,0
0,0,0,0
0,0,0,0
0,0,0,0
0,0,0,0
0,0,0,0
0,0,0,0
0,0,0,0
0,0,0,0
0,0,0,0
0,0,0,0
0,0,0,0
0,0,0,0
0,0,0,0
0,0,0,0
0,0,0,0
0,0,0,0
0,0,0,0
0,0,0,0
0,0,0,0
0,0,0,10000.0

